# We are saving information of matrix here. 
 
n = 25; 
 
A = [0.4345996619163306 -0.3957334835015158 0.1737457368843991 -0.2483964429230685 0.13337829644077903 0.4748389418781782 0.41750113053322924 -0.2753386369871025 -0.06026551033539085 -0.44152650046400677 -0.11725589588229846 -0.20800145896301947 0.6579298541203129 0.07936682104818615 0.0472851638439129 0.1901394642498273 -0.17461131853368483 0.20320592413425032 -0.04050710926747336 0.1138292984946272 -0.638258617572466 0.30142947863805714 0.6367478233991384 -0.11220982967499937 -0.7478357719255375; -0.3957334835015158 0.6086847832757596 0.38301410293949445 -0.39807448073703355 0.7700475044247346 0.7361002285375546 0.15004718605141765 0.5246938158346586 -0.1710333458646447 -0.24922414250784186 0.499413506356025 -0.08323347955454619 -0.38842143290431586 -0.6335399356569291 0.37379560584216787 0.42631848578533504 0.0037818627877350686 0.15878640111631315 -0.32366117153763674 0.21799678632867137 -0.20558860057846462 0.5527776606306476 -0.06730224004279828 0.6056125017351224 -0.4852862520735013; 0.1737457368843991 0.38301410293949445 0.8083816618175539 0.4537526744804523 -0.29012423046846725 0.11023681840804178 -0.1993859284197994 0.8078961942564071 -0.24543522021418362 0.7085727673352828 0.8063458421065359 -0.48950771459041276 -0.04909164544417832 -0.5220197011625163 0.10473320992184787 -0.016276879954006507 -0.204348635207938 0.12039739099890179 0.00014535530778236883 0.4924522540849485 0.2160715706558567 -0.1557255468988361 -0.5423229383757417 0.024397449617572065 -0.2394495424645089; -0.2483964429230685 -0.39807448073703355 0.4537526744804523 0.3880798221686006 0.41253388187696594 0.265781286946128 0.2326878728917976 0.11518367614672242 0.5433369808024429 0.4135462051878691 0.45621171194419485 -0.5594317484432665 -0.7196555936301223 0.06190689388842263 -0.5968682696275405 0.8535640792040335 -0.7506583109295955 0.17159440799928172 -0.3282017709954437 0.10324444853222836 0.16641349244294967 -0.14231628586838907 -0.2876683787451759 0.22485042776567266 -0.10672905919249343; 0.13337829644077903 0.7700475044247346 -0.29012423046846725 0.41253388187696594 0.48566336135798016 0.8172834811424787 0.6022678205309118 -0.07541180191518215 0.21149435644197068 0.6893158621140929 0.19996247732309258 -0.13917530418361101 0.09512817367057136 0.6445817721101172 -0.38027422817447865 0.11078406231736415 -0.3004087456347644 -0.46313151518484363 -0.3780906361565215 0.26016311991980556 0.7947123352763272 -0.14246097793326395 0.4460491269388358 0.36229048124647156 0.2507580620681633; 0.4748389418781782 0.7361002285375546 0.11023681840804178 0.265781286946128 0.8172834811424787 0.061077886642928014 0.3130182407640263 0.41395880616954117 0.5289594370106323 -0.025595142336672483 -0.06527959700550623 -0.1461992296428123 0.9030087620581082 0.2918499326953339 0.19706761363191982 0.09216391559926085 -0.08359778784449423 -0.5616444191688337 0.3472142579062598 -0.7751358955827539 -0.2510762036598866 0.1980791251345333 0.6734096316642821 -0.14818417159472497 -0.3103209815737591; 0.41750113053322924 0.15004718605141765 -0.1993859284197994 0.2326878728917976 0.6022678205309118 0.3130182407640263 -0.18915100422984166 0.019743775601000157 -0.04317589057515847 0.013289277037352942 0.17652568619713938 0.644636409594135 -0.6891410469123136 -0.4531545390451466 -0.2773990211526516 -0.14100964479760258 -0.6852586673531498 -0.12422810330433665 0.4791973196101327 -0.40095248608761724 -0.28762718746966764 -0.3230663597892447 -0.7984028948637809 0.7441084764110804 0.5687374818780984; -0.2753386369871025 0.5246938158346586 0.8078961942564071 0.11518367614672242 -0.07541180191518215 0.41395880616954117 0.019743775601000157 -0.3763423059352742 -0.3614624368779773 -0.38633625682289696 0.1356767623908952 -0.6203566790882471 -0.3140663720629624 -0.2518060681487906 -0.845598962631273 -0.07285815559320308 0.4252307388417471 -0.4853185705754097 0.8154807771255135 -0.2782773780753065 -0.012081911471672147 -0.5380890362258772 0.14933691647648484 0.32699851746291864 0.8027897697171984; -0.06026551033539085 -0.1710333458646447 -0.24543522021418362 0.5433369808024429 0.21149435644197068 0.5289594370106323 -0.04317589057515847 -0.3614624368779773 0.13136724175606806 0.19639736064873237 0.5274103801437906 -0.16827705585008768 0.5170049440228628 -0.4561279785137473 -0.7259879576091821 -0.047788924699312396 -0.6760301610977231 -0.9065942190081469 0.049391895056011936 -0.2586591788360988 0.22819209402442153 0.5809333903815774 0.1770732591746973 -0.14618307608908232 -0.3526925027621408; -0.44152650046400677 -0.24922414250784186 0.7085727673352828 0.4135462051878691 0.6893158621140929 -0.025595142336672483 0.013289277037352942 -0.38633625682289696 0.19639736064873237 0.8245783252839742 -0.4055785373916425 -0.6646216550208952 0.060873953432190486 -0.0015585347584601283 -0.6074953835073507 0.9314467770829138 -0.15199350252549726 0.058626077267920795 0.3598102097840883 0.3738273190758985 0.4793504321383377 0.872078787747741 -0.29793403139281693 0.34005043274810265 -0.48643217252352144; -0.11725589588229846 0.499413506356025 0.8063458421065359 0.45621171194419485 0.19996247732309258 -0.06527959700550623 0.17652568619713938 0.1356767623908952 0.5274103801437906 -0.4055785373916425 0.11266328171494422 0.722867621036283 -0.3673263810879617 -0.8104828680837992 -0.15917110062446804 -0.0053494869665322575 0.49691455921430006 0.3801282160724744 0.7786645804035162 -0.5794873970442111 -0.029777806192506917 0.2897948150780645 0.13807497461812912 -0.227195781947388 -0.03072958950289384; -0.20800145896301947 -0.08323347955454619 -0.48950771459041276 -0.5594317484432665 -0.13917530418361101 -0.1461992296428123 0.644636409594135 -0.6203566790882471 -0.16827705585008768 -0.6646216550208952 0.722867621036283 0.02394390200734442 -0.5163956668852838 0.0482588915822042 -0.23267631775583264 0.05957537207711083 -0.7237265455681967 0.21639632845178713 0.015096381927060865 0.4736961374986448 -0.4529092888850639 -0.2530263397577681 0.21400512307099184 0.22692254533115674 -0.29195028938345824; 0.6579298541203129 -0.38842143290431586 -0.04909164544417832 -0.7196555936301223 0.09512817367057136 0.9030087620581082 -0.6891410469123136 -0.3140663720629624 0.5170049440228628 0.060873953432190486 -0.3673263810879617 -0.5163956668852838 -0.726108957512944 0.13525361973576144 0.0040274864195981586 -0.06118768032589039 -0.4643235479711334 0.49870137437467066 -0.5977402602463049 0.09333534836306856 -0.337698262155258 0.015756545376498732 -0.4288092494273308 -0.03813209157191322 0.5991028990800875; 0.07936682104818615 -0.6335399356569291 -0.5220197011625163 0.06190689388842263 0.6445817721101172 0.2918499326953339 -0.4531545390451466 -0.2518060681487906 -0.4561279785137473 -0.0015585347584601283 -0.8104828680837992 0.0482588915822042 0.13525361973576144 -0.19409815467546299 -0.6307915415315697 0.14890845711201095 0.763208047984199 -0.3898088106224631 0.20411698365391628 -0.21327819929084457 0.7848779046409653 -0.17724365291150468 -0.7443530595480736 -0.43268271681453796 0.7383794693776153; 0.0472851638439129 0.37379560584216787 0.10473320992184787 -0.5968682696275405 -0.38027422817447865 0.19706761363191982 -0.2773990211526516 -0.845598962631273 -0.7259879576091821 -0.6074953835073507 -0.15917110062446804 -0.23267631775583264 0.0040274864195981586 -0.6307915415315697 0.6206164385444515 -0.14845344041237163 -0.2903173424426826 0.3521973872089965 0.1629721114823186 0.49154200412535887 0.03608084092303532 0.05419823014824354 0.6342937049872948 0.23435540335641436 -0.701035206198733; 0.1901394642498273 0.42631848578533504 -0.016276879954006507 0.8535640792040335 0.11078406231736415 0.09216391559926085 -0.14100964479760258 -0.07285815559320308 -0.047788924699312396 0.9314467770829138 -0.0053494869665322575 0.05957537207711083 -0.06118768032589039 0.14890845711201095 -0.14845344041237163 0.04086043381745297 0.1446238115956946 -0.5790356246974764 0.6629058488220376 0.051060324735470175 0.1193344919688577 0.028206296662463215 0.19210198278736224 0.038840001743176256 -0.29444035335620455; -0.17461131853368483 0.0037818627877350686 -0.204348635207938 -0.7506583109295955 -0.3004087456347644 -0.08359778784449423 -0.6852586673531498 0.4252307388417471 -0.6760301610977231 -0.15199350252549726 0.49691455921430006 -0.7237265455681967 -0.4643235479711334 0.763208047984199 -0.2903173424426826 0.1446238115956946 -0.521811895592986 -0.14662470279649176 0.1965162829827909 -0.3067643141223484 -0.5139045148307146 -0.5214894054272399 -0.2181945131929488 -0.1384190140120003 -0.6672941347434025; 0.20320592413425032 0.15878640111631315 0.12039739099890179 0.17159440799928172 -0.46313151518484363 -0.5616444191688337 -0.12422810330433665 -0.4853185705754097 -0.9065942190081469 0.058626077267920795 0.3801282160724744 0.21639632845178713 0.49870137437467066 -0.3898088106224631 0.3521973872089965 -0.5790356246974764 -0.14662470279649176 -0.9734566422505826 0.03719810906026666 0.13794111971580114 -0.3587910144940525 0.22173879557528142 -0.06752891579893605 -0.21466986095543739 -0.8293893020864895; -0.04050710926747336 -0.32366117153763674 0.00014535530778236883 -0.3282017709954437 -0.3780906361565215 0.3472142579062598 0.4791973196101327 0.8154807771255135 0.049391895056011936 0.3598102097840883 0.7786645804035162 0.015096381927060865 -0.5977402602463049 0.20411698365391628 0.1629721114823186 0.6629058488220376 0.1965162829827909 0.03719810906026666 0.7207060930970921 -0.10219893114009282 0.30578498643859886 -0.09884745497819791 0.9257373760581713 -0.15176968610296315 -0.1777586604891379; 0.1138292984946272 0.21799678632867137 0.4924522540849485 0.10324444853222836 0.26016311991980556 -0.7751358955827539 -0.40095248608761724 -0.2782773780753065 -0.2586591788360988 0.3738273190758985 -0.5794873970442111 0.4736961374986448 0.09333534836306856 -0.21327819929084457 0.49154200412535887 0.051060324735470175 -0.3067643141223484 0.13794111971580114 -0.10219893114009282 0.28454604945096973 -0.11223747163869247 0.3434489065743742 0.2725015160325972 0.3446405775163546 -0.13653622471967597; -0.638258617572466 -0.20558860057846462 0.2160715706558567 0.16641349244294967 0.7947123352763272 -0.2510762036598866 -0.28762718746966764 -0.012081911471672147 0.22819209402442153 0.4793504321383377 -0.029777806192506917 -0.4529092888850639 -0.337698262155258 0.7848779046409653 0.03608084092303532 0.1193344919688577 -0.5139045148307146 -0.3587910144940525 0.30578498643859886 -0.11223747163869247 0.8279580151861796 0.17119379039618998 -0.448859333159483 -0.2840057843709882 0.044985081827411566; 0.30142947863805714 0.5527776606306476 -0.1557255468988361 -0.14231628586838907 -0.14246097793326395 0.1980791251345333 -0.3230663597892447 -0.5380890362258772 0.5809333903815774 0.872078787747741 0.2897948150780645 -0.2530263397577681 0.015756545376498732 -0.17724365291150468 0.05419823014824354 0.028206296662463215 -0.5214894054272399 0.22173879557528142 -0.09884745497819791 0.3434489065743742 0.17119379039618998 0.2671730204646203 0.24816899486701738 0.49306220428104885 -0.22700655562755667; 0.6367478233991384 -0.06730224004279828 -0.5423229383757417 -0.2876683787451759 0.4460491269388358 0.6734096316642821 -0.7984028948637809 0.14933691647648484 0.1770732591746973 -0.29793403139281693 0.13807497461812912 0.21400512307099184 -0.4288092494273308 -0.7443530595480736 0.6342937049872948 0.19210198278736224 -0.2181945131929488 -0.06752891579893605 0.9257373760581713 0.2725015160325972 -0.448859333159483 0.24816899486701738 0.3067878725919537 -0.289715507109116 -0.00951790368376404; -0.11220982967499937 0.6056125017351224 0.024397449617572065 0.22485042776567266 0.36229048124647156 -0.14818417159472497 0.7441084764110804 0.32699851746291864 -0.14618307608908232 0.34005043274810265 -0.227195781947388 0.22692254533115674 -0.03813209157191322 -0.43268271681453796 0.23435540335641436 0.038840001743176256 -0.1384190140120003 -0.21466986095543739 -0.15176968610296315 0.3446405775163546 -0.2840057843709882 0.49306220428104885 -0.289715507109116 0.5135438573725746 0.6719151293549814; -0.7478357719255375 -0.4852862520735013 -0.2394495424645089 -0.10672905919249343 0.2507580620681633 -0.3103209815737591 0.5687374818780984 0.8027897697171984 -0.3526925027621408 -0.48643217252352144 -0.03072958950289384 -0.29195028938345824 0.5991028990800875 0.7383794693776153 -0.701035206198733 -0.29444035335620455 -0.6672941347434025 -0.8293893020864895 -0.1777586604891379 -0.13653622471967597 0.044985081827411566 -0.22700655562755667 -0.00951790368376404 0.6719151293549814 0.15814903078768294]; 
 
