# We are saving information of matrix here. 
 
n = 15; 
 
A = [0.08846763417710246 0.09135606901571847 0.2750688654650659 -0.4174460321547311 -0.4284286736078593 0.6485807927043834 0.49742401524009106 0.6245102321648714 -0.03929103416226298 -0.29202816252299724 -0.3016674033324076 0.19861773724084908 -0.00289264972012937 -0.24096109420534528 -0.5176190981853805; 0.09135606901571847 -0.14608501037672106 0.5502397834018686 0.16348069927822562 0.032233969824279285 -0.6490052223204561 -0.2042588453420937 0.45925633097556173 -0.30980852020376126 0.49290414417165107 -0.19008316440367556 -0.055857926493851684 0.1935040554919527 0.35171581353393644 0.6184582228053679; 0.2750688654650659 0.5502397834018686 0.9960523278803444 -0.41408503933870455 0.16985658372364254 -0.5423186486215175 -0.7915509319807499 0.5875131108583878 0.29814794435705205 -0.3971405229683238 0.41661409124158966 0.293052686615644 0.38280630973400465 -0.8036797630013404 -0.253344034494311; -0.4174460321547311 0.16348069927822562 -0.41408503933870455 0.7678354214681473 0.11646454462183264 -0.10311790566305823 0.31629807933515175 0.47086786171580974 0.0926173067778111 -0.4541738381782514 0.6354996633971894 -0.4840737423007948 -0.2795984877726516 0.391404158123948 -0.636573761642427; -0.4284286736078593 0.032233969824279285 0.16985658372364254 0.11646454462183264 0.8820896901026414 0.14073325144003213 -0.3070311284799885 0.39999389501231053 0.2646479636774106 -0.6937035814439327 0.3262044330896239 0.03723729577722379 -0.356109823706666 0.5196926027958542 0.1831158457842339; 0.6485807927043834 -0.6490052223204561 -0.5423186486215175 -0.10311790566305823 0.14073325144003213 0.48859964879760165 0.08880651304217135 -0.11017686405954974 -0.19990960357871201 0.41573451185390575 -0.05183537805834093 0.3218727202833238 -0.6799083069985188 0.04360084737394887 -0.6036801267862746; 0.49742401524009106 -0.2042588453420937 -0.7915509319807499 0.31629807933515175 -0.3070311284799885 0.08880651304217135 0.24227905102752123 0.9366767448703235 -0.6996963868012096 -0.05432728648545204 -0.3552476857564135 -0.17819586516311703 -0.261003470711642 0.3074107434643394 -0.29917753293011495; 0.6245102321648714 0.45925633097556173 0.5875131108583878 0.47086786171580974 0.39999389501231053 -0.11017686405954974 0.9366767448703235 0.7707268044952991 -0.27458027627255377 0.19066282176729765 0.5248791906352013 0.7836272959312254 0.19125506585794239 -0.28399840003250465 0.10838596680417978; -0.03929103416226298 -0.30980852020376126 0.29814794435705205 0.0926173067778111 0.2646479636774106 -0.19990960357871201 -0.6996963868012096 -0.27458027627255377 0.9606217851133008 -0.06788620878957063 -0.3082418393763078 0.1366494009796717 -0.22467130458255102 -0.13256970769146093 -0.5708233388987707; -0.29202816252299724 0.49290414417165107 -0.3971405229683238 -0.4541738381782514 -0.6937035814439327 0.41573451185390575 -0.05432728648545204 0.19066282176729765 -0.06788620878957063 0.5843426161931213 -0.8268851691893526 -0.10984161534057657 -0.029540838337723585 0.08291360269814652 0.10569903484002396; -0.3016674033324076 -0.19008316440367556 0.41661409124158966 0.6354996633971894 0.3262044330896239 -0.05183537805834093 -0.3552476857564135 0.5248791906352013 -0.3082418393763078 -0.8268851691893526 0.359559230020734 0.3369276365828566 0.14068237799430405 0.052385301748348656 0.12333306219052309; 0.19861773724084908 -0.055857926493851684 0.293052686615644 -0.4840737423007948 0.03723729577722379 0.3218727202833238 -0.17819586516311703 0.7836272959312254 0.1366494009796717 -0.10984161534057657 0.3369276365828566 -0.6519776039058662 0.19148608639036935 -0.3119988316405846 0.26803289906645067; -0.00289264972012937 0.1935040554919527 0.38280630973400465 -0.2795984877726516 -0.356109823706666 -0.6799083069985188 -0.261003470711642 0.19125506585794239 -0.22467130458255102 -0.029540838337723585 0.14068237799430405 0.19148608639036935 0.9944981316983403 -0.6002639898768891 0.3162928230697186; -0.24096109420534528 0.35171581353393644 -0.8036797630013404 0.391404158123948 0.5196926027958542 0.04360084737394887 0.3074107434643394 -0.28399840003250465 -0.13256970769146093 0.08291360269814652 0.052385301748348656 -0.3119988316405846 -0.6002639898768891 0.3486167769419479 -0.10779504874171009; -0.5176190981853805 0.6184582228053679 -0.253344034494311 -0.636573761642427 0.1831158457842339 -0.6036801267862746 -0.29917753293011495 0.10838596680417978 -0.5708233388987707 0.10569903484002396 0.12333306219052309 0.26803289906645067 0.3162928230697186 -0.10779504874171009 -0.4178003067327958]; 
 
