# We are saving information of matrix here. 
 
n = 20; 
 
A = [-0.2674567544429629 0.549852103361574 0.14556720613315322 0.573123239104727 -0.48386534872142706 0.36285566932003643 0.2977159341572966 0.26476682663152884 -0.25580960358889726 -0.8190042295326811 0.1231510209432205 -0.5907951962684204 0.5966386997880626 -0.5198584194949152 -0.08783410928509494 0.2956019272856909 0.5821556868240787 -0.39362768183241803 0.05813352661462101 0.29179376479564323; 0.549852103361574 0.41382107585106587 0.002716923091856893 -0.45537512731891727 -0.07628780720270445 -0.42032676122173473 -0.05067475985095493 -0.2687522841830565 0.19107146171167289 0.3091995965654968 0.507561775015448 -0.10746119469273574 -0.626892726158921 0.38163332205747635 -0.49614369944716796 0.19781976400754386 -0.3106332751265435 -0.027653442108861448 -0.4940016820324835 0.4618928565668847; 0.14556720613315322 0.002716923091856893 -0.4246125094419595 0.7247476357672398 0.14721062765965076 0.16923374707027672 0.4142895311930572 0.15697493890869652 0.05238048703802978 0.5278172717908658 0.04570817356857648 -0.2569685733362963 0.18788793677360238 0.047286896081144114 -0.11569997573694701 -0.798973178741829 -0.3772068540365725 -0.2249229581358836 0.0033464956339837038 -0.2028716377861557; 0.573123239104727 -0.45537512731891727 0.7247476357672398 -0.6584778716773507 -0.0795024498195569 -0.23927763790824286 -0.35945603069668497 0.3798822605407268 -0.0035547565214584242 -0.2078582032790628 -0.2871506793842098 -0.1365084886251291 -0.11098036404371259 -0.35517627313149225 -0.4008909250498214 -0.6903295196288923 0.4150690834189408 -0.07655470217929072 0.3460352519877685 -0.12959017787397298; -0.48386534872142706 -0.07628780720270445 0.14721062765965076 -0.0795024498195569 0.8392190578142822 -0.4286420594222018 -0.6269143071525667 0.4497263176608641 -0.0990578445684096 0.3882004229106195 -0.16714833381780214 -0.7572000501262752 -0.05521397123539562 0.042592046850566945 0.2532159531761542 0.28531140112827513 0.4090823285946372 -0.016376296188196804 0.365048494340497 -0.49299840792867466; 0.36285566932003643 -0.42032676122173473 0.16923374707027672 -0.23927763790824286 -0.4286420594222018 0.7019165836388748 -0.12966027040808692 -0.2879970047654432 0.006606664109391147 0.3251698723336265 0.15490482146813012 0.2212113728811813 0.1923519592216576 -0.46261357203421927 0.07162319924856031 -0.19863643704764722 -0.13732833987884496 0.09729190053749726 -0.1382986177055776 -0.044173243378521354; 0.2977159341572966 -0.05067475985095493 0.4142895311930572 -0.35945603069668497 -0.6269143071525667 -0.12966027040808692 -0.416453227165261 0.6634376283446815 -0.778620136632926 -0.15408504043331073 0.8517426986333376 0.24964797338078815 0.53962952731666 0.07443198306341281 0.7758461629287428 0.026572069210180516 -0.1011261865839399 0.7607773930905555 0.04567657393028823 0.28366447348787505; 0.26476682663152884 -0.2687522841830565 0.15697493890869652 0.3798822605407268 0.4497263176608641 -0.2879970047654432 0.6634376283446815 -0.001903844042995484 0.3689776588436591 -0.015381671443808642 -0.3431242301606554 -0.03936943987004504 -0.2325304925716254 0.5216716852596128 -0.5729018027273498 0.3052810745860075 0.8153189002631398 -0.36419214187450266 -0.14126042897657642 -0.0973843711074529; -0.25580960358889726 0.19107146171167289 0.05238048703802978 -0.0035547565214584242 -0.0990578445684096 0.006606664109391147 -0.778620136632926 0.3689776588436591 0.656235982620542 0.9054855223565541 -0.7034729649899107 -0.5569689588528193 0.14165612236017466 -0.44125147403033016 0.37744445931522574 0.5105217302763647 -0.011988561721636204 0.48377217099529957 0.0031428681329876973 -0.13405659027966155; -0.8190042295326811 0.3091995965654968 0.5278172717908658 -0.2078582032790628 0.3882004229106195 0.3251698723336265 -0.15408504043331073 -0.015381671443808642 0.9054855223565541 -0.43576101415794266 0.6394303070044673 0.02948639604067882 0.4915339818550104 -0.3731910223740711 0.19705215610936078 -0.20916749033458415 -0.39695773494325604 0.2530683311393569 -0.07683295479207031 0.09788596815779105; 0.1231510209432205 0.507561775015448 0.04570817356857648 -0.2871506793842098 -0.16714833381780214 0.15490482146813012 0.8517426986333376 -0.3431242301606554 -0.7034729649899107 0.6394303070044673 -0.6695451493725137 -0.39438456349818796 -0.34419524766817466 0.043837930505504774 0.2706425988169874 -0.8247432907828924 0.05370666747842656 0.15856807240587156 -0.5782401849063181 -0.0035072817282328916; -0.5907951962684204 -0.10746119469273574 -0.2569685733362963 -0.1365084886251291 -0.7572000501262752 0.2212113728811813 0.24964797338078815 -0.03936943987004504 -0.5569689588528193 0.02948639604067882 -0.39438456349818796 -0.32324563025835884 0.13061168888942798 0.5339145277653914 0.011835059869320874 0.4194174184958057 -0.28552392196941234 0.44061773495258816 -0.06426306624672073 0.56093988838542; 0.5966386997880626 -0.626892726158921 0.18788793677360238 -0.11098036404371259 -0.05521397123539562 0.1923519592216576 0.53962952731666 -0.2325304925716254 0.14165612236017466 0.4915339818550104 -0.34419524766817466 0.13061168888942798 0.21717979536287002 -0.15632240597318425 -0.5043683319846779 0.41698510253159093 0.32630553350573965 0.11160968644890246 -0.49597944179235376 -0.39171920036204866; -0.5198584194949152 0.38163332205747635 0.047286896081144114 -0.35517627313149225 0.042592046850566945 -0.46261357203421927 0.07443198306341281 0.5216716852596128 -0.44125147403033016 -0.3731910223740711 0.043837930505504774 0.5339145277653914 -0.15632240597318425 0.849511865829994 -0.08533829021226547 -0.6703768388007945 -0.047669520015422906 0.024789928070453104 0.0658505802246021 0.3027989765321255; -0.08783410928509494 -0.49614369944716796 -0.11569997573694701 -0.4008909250498214 0.2532159531761542 0.07162319924856031 0.7758461629287428 -0.5729018027273498 0.37744445931522574 0.19705215610936078 0.2706425988169874 0.011835059869320874 -0.5043683319846779 -0.08533829021226547 -0.19330011045945383 0.3209337084272721 -0.2899291449432817 0.2633337841234271 -0.5447650578698688 -0.35871470507388037; 0.2956019272856909 0.19781976400754386 -0.798973178741829 -0.6903295196288923 0.28531140112827513 -0.19863643704764722 0.026572069210180516 0.3052810745860075 0.5105217302763647 -0.20916749033458415 -0.8247432907828924 0.4194174184958057 0.41698510253159093 -0.6703768388007945 0.3209337084272721 -0.8933829659911612 0.24913833503835603 0.5296688133903167 0.3734792433813372 0.013588802622195972; 0.5821556868240787 -0.3106332751265435 -0.3772068540365725 0.4150690834189408 0.4090823285946372 -0.13732833987884496 -0.1011261865839399 0.8153189002631398 -0.011988561721636204 -0.39695773494325604 0.05370666747842656 -0.28552392196941234 0.32630553350573965 -0.047669520015422906 -0.2899291449432817 0.24913833503835603 -0.7859641739434089 0.07049591743685157 -0.3775903902022575 0.7486402783604074; -0.39362768183241803 -0.027653442108861448 -0.2249229581358836 -0.07655470217929072 -0.016376296188196804 0.09729190053749726 0.7607773930905555 -0.36419214187450266 0.48377217099529957 0.2530683311393569 0.15856807240587156 0.44061773495258816 0.11160968644890246 0.024789928070453104 0.2633337841234271 0.5296688133903167 0.07049591743685157 0.5499584297860238 -0.5908273659274179 -0.5502054670374441; 0.05813352661462101 -0.4940016820324835 0.0033464956339837038 0.3460352519877685 0.365048494340497 -0.1382986177055776 0.04567657393028823 -0.14126042897657642 0.0031428681329876973 -0.07683295479207031 -0.5782401849063181 -0.06426306624672073 -0.49597944179235376 0.0658505802246021 -0.5447650578698688 0.3734792433813372 -0.3775903902022575 -0.5908273659274179 -0.98026610277303 -0.7388719336507827; 0.29179376479564323 0.4618928565668847 -0.2028716377861557 -0.12959017787397298 -0.49299840792867466 -0.044173243378521354 0.28366447348787505 -0.0973843711074529 -0.13405659027966155 0.09788596815779105 -0.0035072817282328916 0.56093988838542 -0.39171920036204866 0.3027989765321255 -0.35871470507388037 0.013588802622195972 0.7486402783604074 -0.5502054670374441 -0.7388719336507827 0.06550289879716731]; 
 
