# We are saving information of matrix here. 
 
n = 25; 
 
A = [21.36788287299164 -7.148005448957714 23.445085668706167 -17.389720607786128 14.789043731079394 -11.796611662624981 -0.10880067195085219 -26.241290982763267 4.460245401259813 -4.060297043729645 3.059528746486708 -1.033822302500133 15.967148899043652 -2.5215475244108716 -0.19060638671280933 0.8972411439395884 2.547495347797088 -5.610399642410276 3.4114251261036577 -0.17318218485664139 0.13998866877002453 -1.4801930114083275 -0.030646442190159672 -2.320889213864868 -0.6205764075469441; -7.148005448957714 18.110890020700896 -13.035752691914237 25.041922775926107 -14.463898534409127 11.461894569019906 3.9620287854641503 5.961767926754443 1.0044263838515775 4.680608413263019 -1.3557240169248033 -0.4868404650559413 -14.753954812950191 0.3234350712288424 1.454678609732965 1.3168933686156785 -2.04215495919122 4.685751924123693 -2.8632057621593305 1.1872518877546931 -0.6218019688305629 1.6913281959637376 -0.07843260926250845 2.505059413419934 -0.3103050806658165; 23.445085668706167 -13.035752691914237 55.54657671049515 -27.457476612340514 17.183080561530705 -13.273450658005792 -4.2324758070777815 -28.49985963782878 -0.7668539067884264 -0.9138675820579728 -2.1129198272451926 -3.5065802260077397 20.216469628768277 -4.746682204327105 -2.378486796578749 1.0134049054887235 3.000123713073939 -1.1121166485431777 3.8930425525867443 0.47508516466191636 -1.422836381527013 -0.7075247944889469 -0.06588480867079917 -1.3227996101269621 -1.9877937936766907; -17.389720607786128 25.041922775926107 -27.457476612340514 38.98578960864588 -23.849729891346428 19.336028052765652 4.735983287293981 17.915581864507672 -0.8206562016018454 7.651905819425108 -3.003738005198576 -0.42274271532312474 -25.204269380446515 1.2207792200413874 1.9479582096102723 1.2953528708850774 -3.674463734790614 8.32266942431498 -5.05818466853975 1.553402377436825 -0.9164794462733014 2.7733200888697023 -0.05447349460223415 4.170854282433294 -0.17968005761003303; 14.789043731079394 -14.463898534409127 17.183080561530705 -23.849729891346428 18.118587120622074 -13.572516163346283 -1.8379408964416581 -16.977260152327716 2.3725852778658316 -5.336578632234014 3.454461620035931 0.25830047469256295 18.336709066529796 -1.2632092598619742 -0.6104288032689632 -0.5155874064938479 2.7390004019647054 -6.766997843863608 3.728389605561272 -1.0477000582519964 0.7153087086240522 -2.0533440306121262 0.10483670886918413 -3.0997115073375303 0.109900074005429; -11.796611662624981 11.461894569019906 -13.273450658005792 19.336028052765652 -13.572516163346283 14.13508327280804 -1.2305719488228157 15.774378695228096 -6.940261884666657 6.96959240315219 -4.738980794299381 -1.275028267531966 -15.229029756300582 0.16023912706634247 -0.008453354713147659 0.2778582813411418 -2.4599076938256705 7.754349164395617 -3.3469140651042038 0.984012074673317 -1.2304678853368645 2.1276599999586607 0.01302510955872794 3.1885185423195965 -0.49757058856201186; -0.10880067195085219 3.9620287854641503 -4.2324758070777815 4.735983287293981 -1.8379408964416581 -1.2305719488228157 12.788431734315731 -7.5611328887285385 15.86445529266004 -7.5977032551060635 5.039424289560194 5.597173737013197 -3.5535152409849178 5.638219470720582 0.515278140959637 1.691363554971927 0.9057114093511678 -7.3033271945375535 0.9747632890241288 0.7659031108809898 2.744021298309159 -1.3033218994352578 -1.1916655729301475 -2.062006762856486 1.29422283146248; -26.241290982763267 5.961767926754443 -28.49985963782878 17.915581864507672 -16.977260152327716 15.774378695228096 -7.5611328887285385 44.183864606742084 -17.438803241748005 9.945413895381288 -7.702443678749495 -2.452785242901406 -19.08543688441137 -0.7155113723450813 0.2671675423721487 -2.455677417823019 -4.081484681671114 13.44705048558555 -5.4155626667039565 -0.28982217336605504 -2.272299097297271 3.0856063640081515 1.0098776244029568 4.802907118993806 -0.10508918918565024; 4.460245401259813 1.0044263838515775 -0.7668539067884264 -0.8206562016018454 2.3725852778658316 -6.940261884666657 15.86445529266004 -17.438803241748005 23.065275205473 -11.940927567886579 8.27924602855581 7.419004150048885 1.2614827846493488 6.991954574385214 0.6141828984301649 2.05970195733409 2.049208845945045 -12.446851856825687 2.5170297993262576 0.5689872934505328 3.963653497062654 -2.507242202848255 -1.5291005687671022 -3.8750026641137656 1.8284736526835916; -4.060297043729645 4.680608413263019 -0.9138675820579728 7.651905819425108 -5.336578632234014 6.96959240315219 -7.5977032551060635 9.945413895381288 -11.940927567886579 9.165070360249024 -5.195266091948958 -3.9462614805337624 -4.4425611882362 -3.6478321565783394 0.0619818437990968 -0.47118311849290995 -1.4754612493303667 8.568781951825589 -2.036693061514338 0.29455689669473006 -2.4265298949099514 1.9651628954958473 0.7519797615207251 2.9237041411721028 -1.24454543438046; 3.059528746486708 -1.3557240169248033 -2.1129198272451926 -3.003738005198576 3.454461620035931 -4.738980794299381 5.039424289560194 -7.702443678749495 8.27924602855581 -5.195266091948958 5.995110452966793 1.8324783683847627 3.583132000260339 0.20159415454720084 1.0086877864905166 -0.3532509108097992 0.8846958622081605 -6.045146811959697 1.2991913166704951 -0.6947810023659394 1.7240292506886314 -1.485962091750985 -0.2929142070571013 -2.1452052242235546 1.127312453015187; -1.033822302500133 -0.4868404650559413 -3.5065802260077397 -0.42274271532312474 0.25830047469256295 -1.275028267531966 5.597173737013197 -2.452785242901406 7.419004150048885 -3.9462614805337624 1.8324783683847627 7.053922389937104 -1.5511938583456282 7.361184129673808 -2.3324437930959023 1.4310078342090902 1.179963494485426 -4.545212627839329 1.3493931863388284 1.1678460587858388 2.0306318459229633 -0.9594427170747615 -1.4977284169118834 -1.627075876021219 0.5857980348214146; 15.967148899043652 -14.753954812950191 20.216469628768277 -25.204269380446515 18.336709066529796 -15.229029756300582 -3.5535152409849178 -19.08543688441137 1.2614827846493488 -4.4425611882362 3.583132000260339 -1.5511938583456282 24.182138355628222 -4.938789265528536 0.2703637811802282 -1.0775677246174478 2.9480149434392278 -6.89534426809929 3.766516705905487 -1.9073162836193347 0.2828472532031028 -2.059041255015464 1.1610122671780674 -3.1067744466439033 0.29434358224236234; -2.5215475244108716 0.3234350712288424 -4.746682204327105 1.2207792200413874 -1.2632092598619742 0.16023912706634247 5.638219470720582 -0.7155113723450813 6.991954574385214 -3.6478321565783394 0.20159415454720084 7.361184129673808 -4.938789265528536 9.416122640002417 -2.8736038148369816 1.9426036566956326 0.9666214095193598 -3.6788292340281004 1.1152394646464334 1.7081464930052137 1.9163912901853144 -0.690993165519652 -1.8579042041737137 -1.2502861001250027 0.28876698936608763; -0.19060638671280933 1.454678609732965 -2.378486796578749 1.9479582096102723 -0.6104288032689632 -0.008453354713147659 0.515278140959637 0.2671675423721487 0.6141828984301649 0.0619818437990968 1.0086877864905166 -2.3324437930959023 0.2703637811802282 -2.8736038148369816 2.775758503324161 -0.6081356842723088 -0.14546093277180802 0.7719253739486175 -0.5035794919497664 -0.5532665050980717 -0.11744846974683905 0.2125201450084133 0.7275806935221952 0.2924025151592573 0.41261616272147594; 0.8972411439395884 1.3168933686156785 1.0134049054887235 1.2953528708850774 -0.5155874064938479 0.2778582813411418 1.691363554971927 -2.455677417823019 2.05970195733409 -0.47118311849290995 -0.3532509108097992 1.4310078342090902 -1.0775677246174478 1.9426036566956326 -0.6081356842723088 2.5550676306836344 -0.39001917565917327 -0.6706114610649166 -1.3465965228484094 1.0975274156191104 -0.3898240604466018 -0.2022882510719724 -0.24407254782850457 -0.30114412721704625 -0.6678202573583099; 2.547495347797088 -2.04215495919122 3.000123713073939 -3.674463734790614 2.7390004019647054 -2.4599076938256705 0.9057114093511678 -4.081484681671114 2.049208845945045 -1.4754612493303667 0.8846958622081605 1.179963494485426 2.9480149434392278 0.9666214095193598 -0.14546093277180802 -0.39001917565917327 2.4587810483833574 -1.174612514825376 2.3175763521755526 -0.8298315549408546 0.98146656971179 -0.7206334165235034 -0.6193119437620026 -0.9512812995005407 0.789796780700982; -5.610399642410276 4.685751924123693 -1.1121166485431777 8.32266942431498 -6.766997843863608 7.754349164395617 -7.3033271945375535 13.44705048558555 -12.446851856825687 8.568781951825589 -6.045146811959697 -4.545212627839329 -6.89534426809929 -3.6788292340281004 0.7719253739486175 -0.6706114610649166 -1.174612514825376 11.835066223817408 -2.8826425145984675 0.06631329682241788 -2.6045836395378643 2.9872316839761623 0.9445699928076638 3.7812604303797452 -1.8638944379229458; 3.4114251261036577 -2.8632057621593305 3.8930425525867443 -5.05818466853975 3.728389605561272 -3.3469140651042038 0.9747632890241288 -5.4155626667039565 2.5170297993262576 -2.036693061514338 1.2991913166704951 1.3493931863388284 3.766516705905487 1.1152394646464334 -0.5035794919497664 -1.3465965228484094 2.3175763521755526 -2.8826425145984675 3.5405621831803353 -0.965422337793751 1.356008612792316 -1.0403985346334186 -0.8209309912872285 -1.2078546894427251 1.224031139232929; -0.17318218485664139 1.1872518877546931 0.47508516466191636 1.553402377436825 -1.0477000582519964 0.984012074673317 0.7659031108809898 -0.28982217336605504 0.5689872934505328 0.29455689669473006 -0.6947810023659394 1.1678460587858388 -1.9073162836193347 1.7081464930052137 -0.5532665050980717 1.0975274156191104 -0.8298315549408546 0.06631329682241788 -0.965422337793751 1.7666248802535776 0.15256838900991235 0.362882822709303 0.23804593648303848 -0.08829859512064007 -0.32746173541191653; 0.13998866877002453 -0.6218019688305629 -1.422836381527013 -0.9164794462733014 0.7153087086240522 -1.2304678853368645 2.744021298309159 -2.272299097297271 3.963653497062654 -2.4265298949099514 1.7240292506886314 2.0306318459229633 0.2828472532031028 1.9163912901853144 -0.11744846974683905 -0.3898240604466018 0.98146656971179 -2.6045836395378643 1.356008612792316 0.15256838900991235 1.555657415794872 -0.4328370456293872 -0.13403202231386174 -1.1528906900077516 0.9093173021323679; -1.4801930114083275 1.6913281959637376 -0.7075247944889469 2.7733200888697023 -2.0533440306121262 2.1276599999586607 -1.3033218994352578 3.0856063640081515 -2.507242202848255 1.9651628954958473 -1.485962091750985 -0.9594427170747615 -2.059041255015464 -0.690993165519652 0.2125201450084133 -0.2022882510719724 -0.7206334165235034 2.9872316839761623 -1.0403985346334186 0.362882822709303 -0.4328370456293872 1.4025158794182224 0.8308346264136344 0.9850622944907875 -0.8361310922901588; -0.030646442190159672 -0.07843260926250845 -0.06588480867079917 -0.05447349460223415 0.10483670886918413 0.01302510955872794 -1.1916655729301475 1.0098776244029568 -1.5291005687671022 0.7519797615207251 -0.2929142070571013 -1.4977284169118834 1.1610122671780674 -1.8579042041737137 0.7275806935221952 -0.24407254782850457 -0.6193119437620026 0.9445699928076638 -0.8209309912872285 0.23804593648303848 -0.13403202231386174 0.8308346264136344 1.6119140202269295 -0.04828856022300626 -0.09329516256328801; -2.320889213864868 2.505059413419934 -1.3227996101269621 4.170854282433294 -3.0997115073375303 3.1885185423195965 -2.062006762856486 4.802907118993806 -3.8750026641137656 2.9237041411721028 -2.1452052242235546 -1.627075876021219 -3.1067744466439033 -1.2502861001250027 0.2924025151592573 -0.30114412721704625 -0.9512812995005407 3.7812604303797452 -1.2078546894427251 -0.08829859512064007 -1.1528906900077516 0.9850622944907875 -0.04828856022300626 1.7564255241408977 -0.8623155325626912; -0.6205764075469441 -0.3103050806658165 -1.9877937936766907 -0.17968005761003303 0.109900074005429 -0.49757058856201186 1.29422283146248 -0.10508918918565024 1.8284736526835916 -1.24454543438046 1.127312453015187 0.5857980348214146 0.29434358224236234 0.28876698936608763 0.41261616272147594 -0.6678202573583099 0.789796780700982 -1.8638944379229458 1.224031139232929 -0.32746173541191653 0.9093173021323679 -0.8361310922901588 -0.09329516256328801 -0.8623155325626912 1.494158356815017]; 
 
