# We are saving information of matrix here. 
 
n = 10; 
 
A = [0.0739175660493605 0.029734887539621502 0.4483877376941998 0.16148900032708124 -0.7111325269189184 0.13882955212539505 -0.16990774796138197 0.08840681021282237 -0.08075338622115513 0.012795836581290132; 0.029734887539621502 0.9873009307407368 -0.21352190337410715 0.1459176570627443 -0.3609124466913374 0.29450732360556153 0.11716638008597524 0.8389401073870955 -0.04417361055606084 -0.4503836993250896; 0.4483877376941998 -0.21352190337410715 -0.4009458993065982 -0.2033111414339066 -0.06890397876858922 0.03661617342026324 -0.08156846896173997 0.17135655333573285 0.22485272806845624 -0.0507305776147724; 0.16148900032708124 0.1459176570627443 -0.2033111414339066 -0.9268211059417393 0.20499176951886233 -0.17026530605391166 0.22393515023535726 -0.3055615907983984 -0.8269235142941367 0.18935253920691664; -0.7111325269189184 -0.3609124466913374 -0.06890397876858922 0.20499176951886233 0.02127485590509215 -0.6143503825780463 0.8693668794177738 0.1684801343156066 0.004911125530239202 -0.31268015564128926; 0.13882955212539505 0.29450732360556153 0.03661617342026324 -0.17026530605391166 -0.6143503825780463 0.8005828021659998 -0.11762498913593444 0.7527433810670787 0.6773320068207587 -0.04072487524988677; -0.16990774796138197 0.11716638008597524 -0.08156846896173997 0.22393515023535726 0.8693668794177738 -0.11762498913593444 -0.948629084498235 -0.7311575897697824 -0.5628791026186184 -0.06258100834386826; 0.08840681021282237 0.8389401073870955 0.17135655333573285 -0.3055615907983984 0.1684801343156066 0.7527433810670787 -0.7311575897697824 -0.7410985307952895 0.12992721419875064 -0.2711814416506555; -0.08075338622115513 -0.04417361055606084 0.22485272806845624 -0.8269235142941367 0.004911125530239202 0.6773320068207587 -0.5628791026186184 0.12992721419875064 0.33403177034619924 0.131430410997722; 0.012795836581290132 -0.4503836993250896 -0.0507305776147724 0.18935253920691664 -0.31268015564128926 -0.04072487524988677 -0.06258100834386826 -0.2711814416506555 0.131430410997722 -0.15117602545691655]; 
 
