# We are saving information of matrix here. 
 
n = 16; 
 
A = [11.648846077826379 -11.77648376080187 -7.455108634947911 2.1908431671229724 5.102790832497082 -6.427760061281632 -6.675055823851537 3.7989092995022635 1.3755440654371445 -1.131330183182975 -2.3204342528409865 0.8998048134518545 -1.0881047240383044 2.2796097775893953 -0.6349373039000455 -0.2752993096642307; -11.77648376080187 16.935704734811967 10.069497742072139 -6.873262531440451 -3.3066740323510544 4.2931389553707655 5.536141203105274 -3.2799205666012665 -0.9224516438380379 0.6897142372813009 1.1745307686355284 -0.4466124756359569 1.1151045852559556 -1.532425859068836 0.9249527884361007 -0.27568210579054203; -7.455108634947911 10.069497742072139 9.086679784800415 -4.942000151721497 -1.2875219165383922 1.2817702415056984 3.4295567781730196 -1.7547090301746164 -0.14294064391964623 -0.591116370229201 0.038348277649133185 0.28987771241387217 0.673934418850582 -0.3301469744320748 0.7343311922530776 -0.6867106055203447; 2.1908431671229724 -6.873262531440451 -4.942000151721497 5.923098168471712 -0.611991550710865 1.0249253183928277 -0.6357922543521224 0.14453153525843876 -0.6605847841720034 1.1708119567269981 0.8900725920735115 -0.5626336116521401 -0.11715503310669154 -0.7101421621190632 -0.0730781553071857 0.6371382074402925; 5.102790832497082 -3.3066740323510544 -1.2875219165383922 -0.611991550710865 7.154129170190251 -7.965358452061365 -5.657296192980645 2.5685951227377486 1.4034749821587398 -2.639641128730625 -3.754624033478812 2.2456170979348467 -0.4531928759144651 2.9526155671653798 1.1684437899710989 -1.9794989214997318; -6.427760061281632 4.2931389553707655 1.2817702415056984 1.0249253183928277 -7.965358452061365 13.495002212412198 8.296953657243153 -7.032428448159951 -0.7783945411228754 1.6826224693358323 3.514984468443311 -2.078405574915495 0.6029254987699983 -2.656108092788857 -1.5588476080657878 1.730805867559156; -6.675055823851537 5.536141203105274 3.4295567781730196 -0.6357922543521224 -5.657296192980645 8.296953657243153 8.044510560900699 -4.883320630199746 -0.6093329656118404 0.5569347642575819 2.8215254035235886 -1.257808201019788 0.4525255027320217 -1.9765288226582398 -1.0375355797733408 1.1130407956145247; 3.7989092995022635 -3.2799205666012665 -1.7547090301746164 0.14453153525843876 2.5685951227377486 -7.032428448159951 -4.883320630199746 5.694857804453909 0.054790934382928175 0.49376137744407217 -1.0519298889446635 0.24771637307215957 -0.37044920342160587 0.7092352730384308 0.3171360234682407 -0.11787351511307868; 1.3755440654371445 -0.9224516438380379 -0.14294064391964623 -0.6605847841720034 1.4034749821587398 -0.7783945411228754 -0.6093329656118404 0.054790934382928175 1.6693768943703235 -2.0649770464713844 -1.3471889879992225 0.6942449526459116 -0.3383191101645249 1.4821979818713988 -0.27931466991532405 -0.963351481191602; -1.131330183182975 0.6897142372813009 -0.591116370229201 1.1708119567269981 -2.639641128730625 1.6826224693358323 0.5569347642575819 0.49376137744407217 -2.0649770464713844 6.870548335863363 3.511378311462756 -4.886261109370334 0.8794723045404501 -2.601288498486501 0.1462410029281706 1.200881645711504; -2.3204342528409865 1.1745307686355284 0.038348277649133185 0.8900725920735115 -3.754624033478812 3.514984468443311 2.8215254035235886 -1.0519298889446635 -1.3471889879992225 3.511378311462756 4.52484174407011 -3.2854947423734844 0.5543803185639018 -2.5649626979665667 0.25927822799955 1.2318492737288729; 0.8998048134518545 -0.4466124756359569 0.28987771241387217 -0.5626336116521401 2.2456170979348467 -2.078405574915495 -1.257808201019788 0.24771637307215957 0.6942449526459116 -4.886261109370334 -3.2854947423734844 4.8947172386957885 -0.45795624858079176 1.9981402164867257 0.12514819694096102 -0.9052215208249633; -1.0881047240383044 1.1151045852559556 0.673934418850582 -0.11715503310669154 -0.4531928759144651 0.6029254987699983 0.4525255027320217 -0.37044920342160587 -0.3383191101645249 0.8794723045404501 0.5543803185639018 -0.45795624858079176 0.49194000677439176 -0.01954752804548705 0.3523697607438714 -0.5574801801614115; 2.2796097775893953 -1.532425859068836 -0.3301469744320748 -0.7101421621190632 2.9526155671653798 -2.656108092788857 -1.9765288226582398 0.7092352730384308 1.4821979818713988 -2.601288498486501 -2.5649626979665667 1.9981402164867257 -0.01954752804548705 2.647946248994934 0.06551879973302349 -2.0564374198019233; -0.6349373039000455 0.9249527884361007 0.7343311922530776 -0.0730781553071857 1.1684437899710989 -1.5588476080657878 -1.0375355797733408 0.3171360234682407 -0.27931466991532405 0.1462410029281706 0.25927822799955 0.12514819694096102 0.3523697607438714 0.06551879973302349 1.391209161542819 -0.7510679866097008; -0.2752993096642307 -0.27568210579054203 -0.6867106055203447 0.6371382074402925 -1.9794989214997318 1.730805867559156 1.1130407956145247 -0.11787351511307868 -0.963351481191602 1.200881645711504 1.2318492737288729 -0.9052215208249633 -0.5574801801614115 -2.0564374198019233 -0.7510679866097008 2.707068327530447]; 
 
